0 611 408 35 25 554 412 34 24 364 416 65 47 481 413 52 30 91 428 75 53 180 430 190 96 
1 612 407 35 25 556 411 33 23 364 416 66 45 481 413 51 29 86 427 78 53 187 429 186 98 
2 612 407 35 25 556 411 33 23 364 416 66 45 481 413 51 29 86 427 78 53 187 429 186 98 
3 683 320 23 47 611 409 36 25 556 414 33 23 365 418 65 48 82 424 84 59 478 414 54 30 191 429 186 100 
4 684 320 23 45 610 409 38 25 202 425 63 29 70 411 90 75 363 419 66 46 557 416 32 22 478 415 55 30 199 432 182 97 
5 685 320 23 45 203 425 67 32 558 419 31 19 363 420 65 47 478 416 55 30 65 431 91 61 211 432 179 97 
6 686 322 23 44 610 411 39 27 189 422 80 36 477 417 58 30 559 420 31 19 364 422 64 46 60 433 94 58 214 434 178 93 
7 687 321 24 45 610 411 39 27 478 417 59 29 207 424 57 32 561 420 31 19 364 422 64 46 55 434 97 57 221 433 170 91 1098 452 129 97 
8 561 420 31 20 200 425 62 34 364 425 65 45 51 434 99 63 480 420 58 30 225 435 171 93 
9 612 411 42 29 365 424 63 45 481 417 59 29 198 424 66 34 562 419 32 21 42 431 100 64 233 431 173 92 
10 611 411 42 29 478 417 64 29 366 425 62 46 197 424 64 34 563 418 32 22 35 429 106 67 235 431 173 93 
11 735 327 21 41 692 324 22 45 659 426 36 24 185 427 85 36 482 424 56 28 28 432 109 66 236 434 176 93 1132 477 127 85 
12 737 331 19 36 694 325 22 43 184 427 84 37 563 425 33 21 657 426 38 25 21 441 98 60 480 425 58 29 256 444 147 83 1142 435 136 129 
13 695 324 22 44 184 430 86 34 563 426 33 20 656 427 40 25 19 439 102 65 482 426 55 28 262 448 145 78 
14 696 325 22 43 171 430 85 38 565 428 31 19 657 430 38 25 8 440 109 69 480 428 58 29 269 451 141 75 
15 566 427 32 20 657 428 38 24 6 438 106 68 167 429 95 38 480 427 61 29 274 444 146 83 1170 481 105 83 
16 567 427 31 20 3 441 109 65 657 428 38 25 167 428 92 39 479 427 62 30 273 444 150 81 
17 568 427 30 19 0 441 108 67 657 428 40 25 164 428 94 40 480 427 60 31 278 443 147 82 
18 569 429 29 19 0 439 107 75 657 429 40 26 160 429 102 42 480 431 58 29 283 444 142 82 
19 569 431 29 18 159 433 101 41 659 432 39 25 3 442 85 75 480 433 59 29 290 444 140 83 
20 571 430 28 19 1051 418 86 46 659 431 39 24 479 431 61 29 161 431 98 42 1 442 86 72 294 444 139 81 
21 1057 420 86 44 659 432 39 24 155 431 106 42 0 440 81 77 478 431 62 30 295 445 136 81 
22 571 432 28 20 660 435 38 23 1060 421 85 44 151 435 116 40 478 433 61 32 0 440 77 80 301 446 126 80 
23 572 432 28 19 660 436 37 22 150 436 119 39 478 433 63 32 0 441 73 78 302 443 143 83 
24 140 441 94 36 148 439 116 33 1068 418 95 47 661 433 37 23 478 433 59 30 0 442 62 76 310 444 142 80 
25 1074 418 96 47 661 433 37 24 136 442 96 35 477 432 60 31 0 440 53 79 313 445 141 79 
26 704 316 28 55 580 432 28 19 265 431 77 37 1082 419 88 45 661 434 36 24 478 433 59 31 135 443 97 33 0 447 46 76 320 446 133 77 
27 661 432 35 24 1085 417 87 45 479 432 57 30 132 441 96 36 0 438 38 80 323 438 129 82 
28 755 321 27 50 580 433 28 19 1088 419 95 45 661 436 36 23 481 436 54 29 0 435 30 85 130 444 97 33 325 446 128 76 
29 261 431 79 35 1094 416 88 47 661 433 34 23 480 433 56 31 132 442 90 35 336 439 121 79 
30 130 438 96 36 480 431 58 32 336 437 122 80 
31 66 156 38 86 581 432 29 19 480 435 56 30 121 443 90 35 335 439 125 79 
32 710 313 28 58 662 437 34 25 582 434 29 21 482 436 53 32 117 446 95 35 336 448 126 75 
33 583 434 29 21 478 436 60 33 117 447 92 35 341 448 123 74 
34 48 153 40 85 482 436 52 31 583 435 30 22 115 446 91 35 346 451 119 69 
35 319 447 60 41 255 435 57 31 583 431 28 18 479 433 56 30 109 439 96 40 342 443 125 68 
36 320 450 62 40 482 437 48 28 585 433 29 18 353 451 114 68 105 442 98 37 
37 662 438 36 24 480 437 53 30 322 448 60 46 585 435 29 19 357 452 108 66 104 444 98 37 
38 585 432 28 18 664 435 33 22 479 435 53 30 322 443 59 50 353 442 114 69 102 442 98 37 
39 253 433 58 34 585 430 28 18 664 434 33 23 479 433 53 30 320 444 60 50 357 441 108 70 97 440 94 40 
40 477 434 52 29 586 431 28 19 664 435 34 23 319 443 66 51 369 442 105 69 86 442 98 38 
41 172 447 67 30 477 435 52 29 587 433 30 19 663 437 35 23 318 444 66 51 84 443 98 39 371 441 106 71 
42 1042 457 112 70 172 448 65 29 246 435 78 36 477 436 51 28 588 433 30 18 662 436 35 23 318 443 67 53 81 444 101 38 373 440 106 71 875 440 31 53 
43 1043 459 113 72 474 436 58 31 173 450 63 30 588 434 27 18 661 438 36 25 319 446 68 53 376 441 106 72 79 445 98 39 874 442 30 53 
44 1066 459 101 72 661 438 35 25 588 434 28 19 377 442 105 71 317 446 67 52 77 445 97 39 875 441 30 53 
45 717 288 34 80 589 432 31 18 64 444 105 38 313 444 73 51 379 442 107 65 
46 717 288 35 80 1060 455 116 77 589 431 29 17 151 448 68 29 62 443 102 39 309 444 76 50 382 443 105 62 
47 718 288 34 80 1062 456 116 78 589 435 28 17 59 446 101 37 384 444 102 67 306 447 84 51 
48 718 289 34 79 53 447 100 36 303 447 87 52 386 444 98 66 
49 52 448 101 36 303 447 87 52 387 444 99 64 
50 127 444 82 32 33 440 117 41 296 438 89 57 390 441 93 57 
51 123 445 85 32 34 441 105 42 295 440 90 56 391 442 94 57 
52 481 435 49 28 28 444 107 38 292 443 92 54 398 446 93 57 878 439 29 52 
53 478 435 55 32 123 450 72 31 25 447 112 38 399 447 92 58 292 446 93 53 
54 590 432 30 19 674 437 46 28 659 436 43 25 26 446 111 39 400 447 91 57 292 446 92 53 877 441 29 56 
55 659 430 45 26 18 441 121 42 287 440 92 55 404 441 90 56 
56 530 344 10 19 720 274 40 84 10 439 109 44 660 426 43 29 405 438 91 56 285 438 93 55 881 430 26 67 
57 779 276 40 78 530 345 10 20 721 275 40 84 222 436 79 35 1126 411 131 56 6 441 106 42 658 430 46 27 407 440 90 56 281 440 97 55 882 432 28 63 
58 721 274 40 85 779 276 41 80 590 429 28 17 1127 412 133 54 3 445 106 38 656 432 48 29 280 440 97 57 409 442 88 55 881 432 29 65 
59 779 278 42 77 591 429 27 16 1127 412 132 55 1 444 109 39 657 432 47 28 278 441 99 55 412 442 86 54 881 433 27 60 
60 781 280 43 74 590 429 28 17 1130 412 130 55 657 433 46 27 275 443 97 54 414 441 87 55 882 433 29 61 
61 722 263 40 82 213 433 81 36 655 430 49 28 274 440 97 55 415 437 85 58 883 433 28 60 
62 528 342 11 19 722 261 40 85 654 430 49 28 266 442 98 53 416 436 84 59 884 432 29 62 
63 528 342 11 19 721 261 40 85 76 448 71 30 1122 410 143 56 653 429 46 29 264 440 100 54 417 437 82 57 
64 526 341 11 18 721 260 41 86 1123 409 143 57 653 429 45 30 263 441 101 55 418 438 82 57 
65 526 341 11 18 720 260 43 84 0 405 60 79 1127 408 139 59 652 429 45 29 424 435 78 58 259 440 103 55 
66 721 259 43 85 1128 409 140 59 651 429 45 29 423 436 78 59 255 438 105 60 
67 721 259 43 86 1124 410 144 58 649 429 46 30 427 435 75 59 254 438 105 61 
68 720 258 44 87 1117 411 154 57 644 429 51 29 429 433 72 59 252 438 106 60 
69 721 257 43 87 640 427 54 27 428 431 74 59 250 436 107 58 
70 721 254 42 88 201 433 70 33 589 418 30 21 643 424 49 29 426 426 77 59 246 433 107 61 
71 721 254 43 88 633 425 54 30 429 427 85 54 239 438 104 60 
72 722 250 42 92 628 425 61 30 430 427 83 55 238 437 106 60 
73 723 243 42 95 587 418 31 20 631 423 54 29 430 426 82 54 235 437 108 58 887 422 31 60 
74 724 235 41 93 50 437 119 34 587 419 32 20 631 423 52 28 430 425 83 54 233 437 109 58 888 421 31 62 
75 724 235 42 94 46 438 125 34 586 418 32 20 630 423 50 29 431 426 81 53 232 436 109 58 888 423 30 59 
76 724 233 43 94 587 417 31 19 629 422 46 29 434 424 78 53 224 436 114 57 889 421 30 63 
77 724 233 44 93 628 413 44 35 434 418 77 55 221 433 116 60 
78 724 232 44 95 587 416 30 20 58 436 102 34 629 422 41 28 436 423 75 52 218 435 117 59 
79 724 231 45 96 586 417 32 20 57 436 97 35 627 423 44 28 211 437 108 58 437 424 75 53 
80 723 230 44 96 587 417 31 19 53 436 104 35 625 423 44 27 437 423 75 54 210 437 109 59 888 421 31 80 
81 723 229 46 95 587 414 30 21 625 422 41 27 30 437 116 35 439 423 71 51 207 434 111 61 889 420 31 83 
82 723 226 47 98 624 423 42 25 35 436 109 34 439 420 72 51 203 434 117 61 889 417 33 75 
83 723 223 46 98 585 410 32 21 1033 407 121 39 621 413 46 33 29 435 110 33 437 416 74 54 199 431 120 62 891 416 31 75 
84 725 216 46 105 588 410 28 22 621 409 46 37 1151 393 130 60 27 432 115 36 437 413 74 57 197 431 121 62 891 416 32 74 
85 725 216 47 105 803 412 97 51 1151 395 132 56 22 431 116 36 435 415 75 55 193 429 124 64 892 417 32 75 
86 805 417 91 48 1163 394 120 60 1032 405 112 42 6 433 118 38 435 418 76 52 187 431 126 65 892 418 32 74 
87 257 359 14 22 506 326 12 25 802 417 95 50 1168 394 113 62 2 432 122 39 435 418 77 50 179 432 121 64 892 417 31 76 
88 255 358 15 23 801 416 95 47 610 410 48 35 1171 393 108 64 434 417 78 52 5 432 115 37 178 432 123 62 893 416 30 76 
89 254 356 15 22 1166 393 114 61 606 409 55 35 433 414 77 52 4 430 116 36 175 429 127 64 893 414 30 78 
90 723 199 51 108 251 355 16 23 1168 397 111 60 604 409 57 36 433 416 77 50 0 431 113 37 171 428 131 66 1159 455 109 90 893 415 31 76 
91 503 321 14 22 723 198 53 109 251 354 17 24 603 407 57 36 432 414 79 51 0 428 111 37 162 426 141 69 
92 723 196 54 110 250 354 14 22 502 320 15 24 601 406 59 37 431 413 79 52 1 427 105 37 159 425 140 70 1170 453 99 86 895 413 33 74 
93 502 321 13 22 247 354 15 24 1021 408 102 37 604 408 53 37 432 415 80 52 1 426 89 45 157 429 139 67 895 414 34 71 
94 723 193 55 114 502 321 13 23 246 355 15 24 603 408 52 37 432 415 80 51 0 429 89 42 157 428 136 68 895 414 34 71 
95 501 320 14 24 724 189 54 120 246 355 15 25 1022 407 95 40 603 408 53 36 432 416 80 50 0 427 89 44 152 431 128 66 896 413 34 72 
96 817 171 54 110 499 318 15 23 598 405 55 38 418 413 89 44 2 428 84 38 146 428 135 68 895 411 35 71 
97 87 359 11 16 819 171 55 110 497 319 15 22 600 407 52 36 416 416 90 43 1 428 84 40 142 430 138 66 897 413 34 74 
98 820 171 56 113 498 320 14 21 600 408 49 36 415 416 92 42 0 429 85 39 140 429 138 67 897 413 34 74 
99 86 359 12 18 497 320 15 22 601 408 48 36 413 417 93 41 0 431 81 38 137 428 141 69 897 413 34 73 
100 85 360 12 18 496 320 14 21 601 408 49 35 0 433 78 36 414 417 92 41 133 429 142 69 897 414 35 72 
101 83 360 12 17 822 157 57 131 495 318 15 21 434 414 79 50 602 409 44 33 0 427 74 41 412 416 93 39 128 429 147 69 897 413 37 73 
102 493 315 14 22 824 155 55 132 435 410 77 51 0 423 71 45 120 428 144 68 899 412 36 75 
103 824 151 56 137 493 316 13 22 1 426 60 41 448 422 60 36 119 427 144 70 899 413 37 73 
104 732 158 54 131 229 352 17 27 492 317 14 22 1 429 58 40 587 410 40 33 403 417 56 38 448 423 59 36 116 429 148 69 899 413 38 74 
105 732 158 54 131 229 352 17 27 492 317 14 22 1 429 58 40 587 410 41 33 403 417 56 38 448 423 59 36 116 429 148 69 900 413 38 74 
106 731 153 57 140 490 319 15 23 227 352 18 29 585 411 44 35 448 423 61 37 400 419 60 37 106 432 152 67 901 415 38 75 
107 732 153 57 139 490 319 15 22 227 352 18 29 585 411 44 36 448 423 61 37 400 419 60 37 105 432 152 67 901 415 38 75 
108 489 319 15 22 226 351 17 30 583 412 45 34 399 420 60 35 448 425 60 35 98 430 154 72 710 423 25 48 902 413 38 76 
109 489 318 14 22 225 351 18 30 0 428 33 40 583 413 43 33 399 421 59 35 449 425 60 35 95 430 147 72 905 414 37 75 
110 489 318 13 22 546 317 13 24 224 351 16 30 583 413 44 33 399 420 59 36 450 425 59 34 93 430 149 71 1212 472 66 88 904 414 38 77 
111 545 316 13 24 840 120 66 158 224 350 16 30 584 412 40 33 398 417 60 38 450 423 62 35 90 430 150 70 1215 473 65 87 712 424 25 46 903 412 39 80 
112 545 316 13 25 840 120 66 158 224 350 16 30 583 412 40 33 398 417 60 38 450 423 62 35 90 430 150 70 1215 473 65 87 712 424 25 46 903 412 39 80 
113 842 114 70 163 64 358 12 20 217 355 17 26 450 425 61 38 393 422 62 38 76 435 159 75 905 416 38 77 
114 842 114 70 163 64 358 12 20 217 355 17 26 450 425 61 38 393 422 62 38 76 435 159 75 905 416 38 77 
115 63 358 12 19 858 107 64 166 217 351 16 27 581 412 38 32 944 406 104 44 388 417 70 40 451 421 67 37 73 428 155 77 710 421 28 52 905 413 37 78 
116 738 120 67 153 862 107 64 161 481 316 13 23 581 412 38 32 386 417 74 39 945 404 104 47 452 420 65 37 68 428 152 77 908 413 38 76 711 421 28 53 
117 743 116 65 163 866 102 62 170 210 355 15 33 738 448 34 42 713 445 27 44 940 418 107 44 576 421 38 33 390 423 63 41 456 423 59 43 55 438 169 79 1118 451 98 95 
118 744 114 64 166 737 448 34 42 714 446 28 44 937 416 113 45 576 421 38 33 458 423 58 43 391 423 63 40 53 439 171 77 1118 451 98 93 
119 481 320 14 22 744 110 66 166 209 352 17 33 870 95 65 176 938 416 108 41 575 422 39 30 389 422 66 37 459 422 57 39 50 436 167 78 
120 873 90 62 174 479 318 14 23 206 352 18 32 714 443 29 44 575 422 38 30 385 422 59 38 458 421 58 40 45 435 167 78 713 425 29 49 
121 479 318 14 23 205 352 19 32 714 443 30 44 575 422 38 29 386 422 58 38 458 421 58 40 45 435 167 78 713 424 30 49 
122 877 87 66 178 716 445 27 48 574 423 37 31 675 431 47 33 461 423 54 45 386 428 55 42 26 449 182 73 
123 877 87 67 179 716 445 27 48 574 423 37 31 675 431 46 33 461 423 54 45 386 429 55 42 26 449 182 73 
124 203 352 18 28 477 317 13 23 667 427 54 32 460 420 59 39 382 421 61 40 16 432 187 83 1161 474 108 84 713 421 29 58 
125 479 320 13 22 201 354 19 27 665 429 58 33 460 424 56 39 383 425 57 39 14 434 187 84 1163 477 105 81 
126 201 357 18 29 668 431 57 34 461 424 55 42 383 428 58 41 7 438 195 86 1161 480 110 80 
127 200 358 19 29 913 421 107 50 666 431 57 34 461 425 55 39 381 430 59 41 2 440 199 87 
128 200 358 18 29 465 426 58 40 381 429 60 41 1 438 184 93 
129 890 53 78 188 199 357 19 30 465 424 59 40 380 428 57 40 0 437 185 92 
130 890 53 78 187 199 357 19 30 430 426 36 35 465 424 59 40 380 428 57 40 0 437 185 92 
131 526 329 14 18 197 358 18 30 432 427 35 36 465 426 57 41 378 430 57 42 0 436 180 95 
132 196 358 19 30 432 427 35 36 466 426 57 41 378 431 57 41 0 436 179 95 
133 645 432 71 36 431 427 38 37 467 427 55 40 377 431 56 42 0 438 172 97 
134 569 426 34 27 431 428 38 35 645 432 71 36 376 432 56 41 468 427 54 40 0 438 170 99 
135 569 428 35 27 432 429 38 36 643 432 69 38 375 433 59 41 468 429 54 39 0 439 168 99 931 434 40 72 
136 181 361 21 31 569 428 34 27 641 432 79 37 375 433 58 42 469 430 53 39 0 443 162 97 933 434 40 71 
137 181 361 21 31 569 429 34 27 641 432 79 37 375 433 58 42 469 430 53 39 0 443 162 97 933 434 40 71 
138 179 361 22 32 375 433 55 45 428 430 44 40 639 432 64 38 469 431 55 39 0 444 154 99 936 436 36 75 
139 178 359 23 32 639 431 64 39 428 430 44 38 373 433 58 44 471 431 54 37 0 442 152 99 939 433 33 76 
140 178 360 22 33 842 428 122 47 427 431 47 37 372 433 59 43 635 431 76 39 472 431 52 36 0 442 150 100 941 435 28 74 
141 179 361 21 32 844 430 116 46 373 433 57 45 633 432 76 39 427 431 47 38 472 432 53 37 0 444 147 101 
142 175 362 25 33 570 331 9 19 470 327 14 27 369 433 75 43 566 432 36 28 631 433 78 40 475 435 51 36 0 445 144 104 
143 570 330 9 20 177 361 22 33 428 431 45 38 371 432 56 46 631 433 78 38 475 432 52 36 0 449 137 91 
144 571 330 8 18 177 358 20 34 428 430 44 37 632 429 77 41 368 432 60 43 474 430 53 37 0 445 132 93 
145 470 325 14 26 175 361 22 33 571 330 8 19 851 431 93 41 427 433 46 36 367 434 60 43 630 433 76 39 0 447 128 95 475 433 52 36 
146 570 332 8 19 175 362 20 33 470 327 14 28 851 432 93 42 430 435 42 36 567 435 33 26 363 440 68 40 477 435 51 38 0 454 129 92 
147 173 362 23 33 570 332 9 19 470 328 14 27 430 435 43 36 567 435 34 26 363 440 69 42 479 436 49 37 0 453 128 95 
148 569 331 9 19 470 327 14 28 430 433 44 36 568 433 33 27 365 433 72 45 479 435 50 36 0 451 122 94 
149 569 331 9 19 429 433 44 36 366 434 71 43 568 433 34 27 480 435 50 36 0 451 118 95 
150 569 331 9 19 469 327 14 27 757 473 35 43 364 437 63 44 429 434 45 36 568 434 34 26 482 435 49 35 0 451 115 97 
151 569 331 10 19 468 327 14 27 759 473 36 44 568 434 34 27 429 434 46 35 482 436 50 35 0 450 107 100 953 440 19 72 
152 569 331 10 18 468 327 14 26 758 474 37 45 356 439 67 45 0 452 106 98 483 436 49 35 953 438 22 76 
153 823 0 97 192 520 330 16 21 569 331 10 19 759 474 40 45 427 433 49 36 353 439 73 45 0 454 93 96 484 436 50 36 952 437 34 82 
154 828 1 91 189 569 332 10 19 625 444 61 36 354 441 71 44 487 438 46 34 0 468 96 89 952 438 36 83 
155 520 330 15 21 569 332 10 19 352 441 73 44 486 437 47 33 0 452 91 100 952 436 40 86 
156 466 327 15 24 569 332 10 19 521 331 16 20 760 476 39 48 428 436 46 36 628 444 53 33 354 440 70 44 488 438 45 33 1 453 88 101 953 436 39 84 
157 521 332 16 20 466 328 14 24 629 445 50 31 353 441 71 43 488 438 46 33 0 454 86 99 726 433 43 79 953 436 41 86 
158 521 331 15 20 466 327 14 25 624 447 51 29 351 441 75 43 489 438 46 32 0 467 85 90 77 453 21 39 727 434 42 78 955 436 41 86 
159 465 326 15 28 518 330 18 22 762 473 40 50 427 435 47 36 350 440 76 44 489 436 48 34 0 454 79 96 727 433 41 78 955 437 41 83 
160 522 330 18 20 464 327 15 27 349 441 79 44 489 438 47 33 0 470 78 86 73 450 19 40 726 434 42 77 958 438 40 82 
161 521 331 18 19 464 327 15 27 490 439 46 33 349 442 76 43 0 470 75 87 726 434 44 78 957 438 43 84 
162 522 331 16 20 464 328 15 27 620 447 51 32 490 443 48 34 352 446 68 41 0 470 70 91 146 439 18 46 725 437 44 76 959 443 40 84 
163 522 331 16 20 464 329 14 27 492 443 51 35 352 447 66 41 0 469 63 95 726 438 45 74 145 440 18 47 960 444 39 83 
164 522 331 16 20 464 328 14 26 494 443 48 33 411 441 44 42 352 446 66 41 0 466 59 99 145 439 18 48 726 437 47 76 960 440 41 81 
165 522 331 17 20 464 327 15 28 495 443 48 34 350 446 68 41 0 465 57 101 47 452 23 43 145 440 18 47 726 436 48 77 960 440 42 80 
166 522 331 16 20 464 328 14 27 411 441 45 41 494 443 50 34 350 447 68 40 0 464 54 102 144 440 18 47 726 436 49 77 960 440 41 80 
167 522 331 16 19 464 328 14 25 494 444 50 32 348 445 73 41 0 472 49 89 144 439 17 47 844 443 21 43 727 435 47 78 961 439 39 79 
168 519 334 17 21 464 333 14 25 407 445 47 39 349 444 63 49 494 446 50 34 0 473 41 93 960 439 40 82 726 437 50 81 
169 463 336 15 21 518 339 17 21 433 448 38 34 409 449 44 38 604 451 51 35 497 449 47 33 346 450 72 47 0 474 36 95 728 449 48 83 964 448 35 79 
170 463 337 14 22 151 374 25 34 520 340 16 21 409 449 47 40 430 449 43 36 602 451 51 36 0 474 33 97 497 450 48 34 346 454 73 44 845 452 22 43 729 449 45 84 968 452 36 80 
171 522 342 15 20 601 452 50 35 0 475 30 97 499 452 46 31 349 455 73 44 730 449 43 85 844 453 23 45 970 451 35 82 
172 0 476 30 95 602 452 50 35 500 453 45 31 348 456 73 44 732 452 40 83 844 455 24 44 970 452 35 83 
173 522 344 15 21 149 377 24 30 431 452 41 35 602 454 47 33 500 453 46 32 346 456 74 45 132 454 21 48 844 456 23 40 976 455 31 81 
174 149 383 24 31 406 458 54 40 600 455 52 37 345 457 71 47 501 456 44 31 975 460 30 80 
175 570 354 13 17 149 387 22 31 602 459 50 35 346 461 70 49 501 461 45 29 132 459 19 51 731 460 51 80 
176 521 354 18 21 149 389 22 31 406 466 52 40 500 464 47 32 344 465 72 51 746 474 53 85 133 462 19 50 
177 520 356 17 21 462 352 17 30 432 467 40 38 406 468 50 41 346 469 65 48 504 466 44 36 
178 150 399 21 32 463 359 17 25 520 361 18 24 408 474 46 40 431 473 42 36 599 474 50 34 344 478 69 44 504 472 46 33 854 477 23 41 130 474 20 48 747 474 55 89 
179 463 362 16 28 521 366 16 22 149 402 23 30 433 476 39 35 406 478 48 41 598 476 51 34 504 476 46 32 343 481 72 44 130 477 21 49 854 483 25 39 746 476 52 89 
180 521 369 17 22 463 366 17 27 148 407 23 32 738 512 82 63 434 480 38 37 407 483 47 40 344 484 67 49 506 481 43 30 744 481 54 88 
181 147 410 23 31 434 484 40 36 343 487 70 50 506 488 45 28 129 485 18 49 
182 462 377 16 26 568 381 15 17 522 379 17 21 508 489 41 30 406 492 50 41 342 492 72 53 34 505 16 41 127 489 19 50 856 495 20 43 741 485 56 84 
183 463 387 15 23 149 426 23 29 521 390 16 23 434 502 37 34 405 503 47 41 508 503 44 29 342 505 68 47 32 516 15 39 126 503 19 48 859 506 22 39 971 505 33 77 
184 521 393 16 24 147 432 23 30 403 508 56 39 511 507 41 28 342 509 67 49 32 520 16 40 970 510 36 78 
185 146 437 22 30 571 402 13 19 512 512 40 27 342 512 70 50 860 516 20 45 31 525 17 39 744 506 52 91 970 515 37 78 
186 462 399 16 32 572 407 14 18 521 402 16 23 513 515 40 29 404 517 52 40 340 517 70 51 30 529 17 39 125 515 21 47 746 515 53 95 859 522 19 43 969 519 40 79 
187 147 447 22 31 571 411 14 19 463 405 15 26 521 406 15 24 433 522 39 35 404 523 48 37 512 521 43 29 341 525 68 45 859 526 21 41 747 520 56 92 968 523 42 79 
188 463 410 15 26 145 449 23 33 570 414 15 21 520 412 16 24 733 564 93 59 434 526 36 34 403 527 50 40 512 526 42 29 339 530 71 45 122 526 21 48 860 531 22 41 747 522 51 93 968 528 45 79 
189 570 428 16 17 463 425 15 28 520 425 17 22 753 583 79 59 403 542 50 39 514 540 39 27 340 541 65 49 747 540 55 92 27 554 19 39 121 541 19 47 861 543 20 45 969 545 43 80 
190 570 435 16 19 521 430 16 22 462 429 15 25 733 586 94 63 635 541 88 51 431 547 40 36 404 549 49 37 584 546 48 35 513 545 43 31 339 551 66 45 120 546 20 51 862 551 22 43 746 544 59 96 968 549 43 79 
191 463 435 15 25 570 438 15 22 520 436 16 25 749 590 86 64 582 551 47 33 401 553 51 41 514 552 43 29 339 555 68 46 26 567 21 39 748 550 56 88 862 555 21 42 968 553 42 77 
192 520 442 17 23 752 604 81 60 629 552 93 51 582 557 49 33 515 559 41 27 339 559 68 50 863 563 20 47 749 556 52 91 25 573 22 40 967 560 41 76 
193 570 452 15 20 520 449 17 24 753 608 82 59 584 560 45 36 627 560 93 50 401 564 53 42 517 564 40 29 339 564 69 51 118 562 21 51 26 576 22 41 748 564 55 95 966 561 41 80 863 564 21 51 
194 942 7 100 151 520 459 16 25 569 461 15 22 750 615 85 64 619 572 80 49 433 573 36 37 402 576 49 42 581 572 45 36 516 576 43 28 336 580 68 45 970 626 35 39 863 576 21 48 967 578 39 79 749 574 55 90 
195 568 464 17 24 520 462 15 26 750 607 86 77 624 577 90 48 582 577 45 34 400 579 56 42 517 582 41 26 336 583 70 49 966 627 28 36 24 594 24 42 865 588 20 44 749 578 55 93 960 584 39 76 
196 946 5 97 153 754 628 81 64 622 584 96 48 335 586 72 50 581 583 46 33 518 587 40 27 23 599 26 41 866 590 23 46 960 585 38 78 
197 520 474 16 23 755 635 79 63 584 591 37 37 400 595 54 39 607 591 97 48 430 590 39 40 519 594 41 27 331 590 70 53 25 603 24 43 961 598 38 78 867 594 22 46 749 590 58 97 
198 571 482 15 19 521 479 16 23 753 638 82 66 432 597 35 36 584 598 36 34 400 599 53 42 609 595 96 50 517 597 43 30 332 602 69 47 695 597 50 84 750 595 54 93 868 600 22 45 959 598 39 82 
199 570 488 15 23 519 487 15 26 753 653 81 62 402 604 57 41 598 600 108 51 518 606 40 27 331 605 70 54 961 649 35 40 750 601 53 95 696 602 50 82 24 620 23 39 956 606 38 80 
200 129 527 23 34 571 493 15 21 520 490 17 25 755 655 80 62 399 605 68 46 523 609 42 28 600 611 96 43 331 609 69 52 959 650 38 43 767 617 62 95 695 605 51 85 24 624 22 38 869 611 23 50 954 606 39 81 
201 129 527 23 34 571 493 15 21 520 490 17 25 755 655 80 62 399 605 68 46 523 609 42 28 600 611 96 43 331 609 69 52 959 650 38 43 767 617 62 95 695 605 51 85 24 624 22 38 869 611 23 50 954 606 39 81 
202 570 502 15 19 519 499 17 24 756 662 77 59 396 618 35 40 522 617 41 30 430 615 38 40 595 614 99 53 331 618 70 52 960 664 36 41 953 605 38 88 871 620 21 49 
203 570 502 15 19 519 499 17 24 757 662 77 59 396 618 35 40 522 617 41 30 430 615 38 40 595 615 100 52 331 618 70 52 953 605 38 88 871 620 21 49 
204 456 505 16 28 131 544 22 35 569 510 16 23 520 508 16 24 431 624 33 39 393 628 40 43 585 621 100 51 521 626 44 30 329 628 72 55 955 673 38 38 872 631 22 52 677 629 57 82 951 628 39 80 
205 455 509 16 27 571 512 14 22 129 547 22 34 518 511 15 24 432 627 35 41 523 630 43 30 584 625 99 51 327 632 74 54 680 630 56 84 871 630 24 58 949 630 41 82 
206 571 517 14 21 520 515 15 23 127 551 22 34 524 636 42 27 580 636 96 42 326 635 74 56 871 635 25 53 948 635 42 80 
207 127 554 22 34 432 638 33 39 392 637 44 46 525 639 41 27 327 637 72 56 580 638 94 43 871 643 24 47 947 636 40 82 
208 430 640 37 38 523 641 46 31 391 642 42 42 578 639 94 46 327 640 72 55 816 639 22 44 871 646 23 48 947 644 39 78 
209 989 3 106 167 518 529 20 21 456 522 15 31 430 648 34 37 573 643 94 52 389 650 44 45 523 650 44 29 324 651 74 51 944 648 39 76 
210 128 571 22 31 517 535 18 23 455 531 15 29 989 3 107 167 575 648 88 52 388 652 45 47 430 651 33 40 526 654 42 30 324 655 72 55 943 654 39 69 870 655 24 55 
211 517 539 16 22 455 536 14 27 125 575 22 32 989 2 107 169 390 658 43 48 526 659 41 28 322 659 74 55 869 659 24 55 
212 125 578 21 33 992 2 106 172 430 663 32 38 526 663 40 27 389 660 44 46 572 660 79 50 321 663 74 55 941 669 27 51 869 667 22 48 
213 995 4 103 170 125 581 21 33 525 666 41 30 429 664 35 39 569 664 78 48 389 665 40 43 321 667 74 53 818 664 19 44 869 669 23 50 939 670 28 52 
214 516 553 20 23 454 546 17 35 564 668 82 49 387 674 46 46 527 672 40 32 320 675 73 48 817 670 18 43 840 673 16 43 937 675 29 49 867 673 21 49 
215 516 555 19 24 454 549 17 35 565 674 75 48 384 676 47 44 531 676 35 32 319 676 72 48 817 675 18 41 867 676 20 46 
216 126 594 22 31 516 558 18 24 453 553 17 34 576 676 57 50 319 678 73 45 385 679 45 42 532 679 34 31 867 676 22 45 
217 453 558 18 31 123 598 24 30 321 688 70 38 532 683 35 28 
218 454 560 18 34 123 601 23 31 530 687 35 27 574 691 57 34 319 689 76 35 
219 123 605 22 32 320 693 73 31 
220 454 566 18 35 515 572 19 25 123 606 22 33 320 697 73 26 
221 120 609 23 34 515 575 19 24 455 567 17 36 
222 120 609 23 34 515 575 19 24 455 567 17 36 
223 119 611 23 32 515 575 19 25 453 570 17 36 
224 513 578 22 23 454 573 16 33 
225 513 580 22 23 453 574 16 36 
226 513 581 22 23 453 576 16 35 
227 514 582 19 24 451 578 16 36 
228 1036 3 111 169 514 584 19 24 451 579 18 33 545 705 60 20 
229 118 620 26 32 451 580 17 32 
230 451 582 17 30 
231 451 583 16 30 
232 452 584 16 32 
233 106 623 22 38 451 584 16 33 
234 1049 7 110 157 123 625 21 33 453 585 14 31 515 585 20 31 
235 124 624 21 33 512 584 24 32 
236 124 624 20 33 511 584 24 31 
237 511 584 24 31 
238 511 584 25 32 
239 511 584 24 33 
240 511 584 24 33 
241 511 584 25 33 
242 511 584 25 33 
243 510 583 26 34 
244 119 623 22 30 510 583 25 34 
245 511 584 25 33 
246 511 584 25 34 
247 511 583 25 33 
248 511 583 24 33 
249 510 582 25 33 
250 510 582 26 34 
251 510 581 25 34 
252 510 581 25 34 
253 510 581 25 32 
254 509 580 25 32 
255 509 579 25 31 
256 509 579 25 31 
257 509 579 25 30 
258 509 579 25 30 
259 447 581 16 34 509 578 25 30 
260 446 580 18 34 509 576 25 29 
261 446 581 17 34 509 576 25 29 
262 447 580 16 34 509 575 25 29 
263 447 579 17 35 510 575 25 29 
264 447 577 17 36 509 574 26 30 
265 446 576 19 38 509 572 27 32 
266 446 574 18 34 512 571 23 32 
267 512 570 23 31 445 572 19 36 
268 
269 
270 105 600 22 37 
271 102 597 22 34 509 558 25 32 515 694 44 30 
272 101 596 23 34 509 557 25 32 363 691 50 32 294 694 75 29 
273 509 556 23 30 406 693 45 29 362 690 51 33 294 693 76 30 
274 446 557 16 33 508 554 24 29 293 691 80 33 
275 445 554 16 35 510 551 24 29 362 681 48 40 583 684 31 28 295 688 75 37 
276 443 546 21 37 103 580 21 36 362 675 49 47 405 674 47 42 581 678 35 26 293 675 77 49 627 686 45 40 
277 443 545 20 33 105 575 21 33 580 673 35 28 363 670 47 49 406 671 48 40 293 671 76 51 621 675 49 50 
278 509 535 24 33 102 572 23 34 363 668 48 48 404 669 51 39 293 668 76 54 616 672 54 50 
279 509 533 23 32 102 570 23 36 364 664 46 50 403 666 53 40 295 667 77 55 612 667 48 55 
280 102 568 22 36 510 533 22 30 365 662 45 50 403 664 51 41 296 666 76 56 609 667 47 58 
281 508 529 25 29 403 661 52 41 366 658 46 50 297 662 76 57 889 676 16 45 
282 446 530 17 34 510 525 24 30 405 655 48 40 368 655 41 53 299 656 76 61 889 673 19 45 774 669 54 54 595 660 52 61 
283 509 522 26 31 363 653 47 45 403 652 49 41 300 653 73 62 888 671 20 42 774 663 53 59 1199 645 83 78 594 658 52 64 
284 104 551 21 35 402 649 50 39 363 648 47 45 303 650 71 62 775 658 53 62 592 654 51 67 
285 104 549 20 35 404 648 47 40 364 648 44 44 303 648 74 58 775 656 53 63 582 654 50 68 1170 641 96 84 
286 103 545 21 36 508 510 25 33 431 666 86 56 365 647 45 43 303 646 77 57 1144 639 98 86 774 653 56 65 576 651 51 70 
287 102 545 21 35 508 509 25 31 426 669 90 52 301 645 80 56 774 651 53 66 572 651 51 70 1134 641 105 83 
288 923 607 13 22 509 509 24 30 416 667 90 54 301 643 82 57 774 650 53 67 570 649 54 72 1122 642 100 82 
289 923 605 13 21 510 508 22 30 411 668 92 53 300 641 92 57 30 643 21 42 557 648 54 74 773 649 56 68 1109 637 111 91 
290 510 507 22 29 406 668 95 53 301 639 91 57 774 648 56 69 555 647 57 73 1098 629 105 93 
291 444 504 17 35 511 501 23 29 400 664 97 57 301 633 99 59 770 640 60 72 886 651 21 43 550 638 57 75 1085 629 99 92 
292 443 504 19 34 510 499 24 30 389 665 93 55 302 632 101 60 837 636 20 52 887 650 21 42 770 639 61 73 549 638 56 74 1063 630 112 90 
293 102 533 20 34 510 498 25 31 537 662 74 58 385 665 96 55 527 631 38 27 301 631 100 61 400 631 55 75 887 650 22 42 771 638 60 74 548 636 54 76 1059 631 102 91 
294 102 533 20 34 510 498 25 31 537 662 74 58 385 665 96 55 527 630 39 27 301 631 100 61 400 631 55 75 887 649 22 42 771 638 61 74 548 636 54 75 1059 631 101 91 
295 443 502 19 30 103 530 19 35 510 497 25 31 381 663 97 56 526 630 39 26 303 631 96 60 546 638 53 72 886 649 22 41 397 626 56 79 770 637 62 76 1046 627 107 91 
296 443 497 19 34 103 528 19 35 710 650 27 31 523 666 77 52 375 660 93 56 305 626 94 63 397 623 57 84 886 648 21 39 770 635 63 78 529 634 56 76 1034 628 103 91 
297 443 496 19 33 102 527 20 34 710 650 26 31 522 664 74 55 367 660 91 56 303 625 97 64 381 622 57 85 886 648 21 40 769 634 63 80 526 631 55 81 1022 628 103 90 
298 444 498 18 29 103 525 19 33 517 666 73 55 361 660 96 56 585 627 30 24 302 624 98 64 376 620 58 87 769 633 62 83 1011 628 107 94 522 627 62 86 
299 443 497 17 30 102 524 19 34 356 657 98 58 512 668 69 53 585 627 30 24 303 621 97 63 768 631 63 85 1007 627 104 93 517 623 64 88 
300 103 522 19 35 354 656 95 58 509 665 70 55 584 626 31 23 303 620 98 65 886 646 21 39 767 630 64 86 995 621 108 101 514 626 64 84 
301 102 521 19 35 500 667 75 52 585 625 30 23 303 618 94 64 886 646 21 38 978 620 104 100 758 627 85 92 505 623 60 86 
302 509 486 24 33 102 520 20 35 496 666 74 52 304 618 93 63 585 624 30 23 886 646 21 38 359 624 56 83 757 626 86 94 965 622 114 100 501 624 61 85 
303 101 519 21 36 491 666 74 52 305 617 100 64 585 625 31 22 960 623 107 94 754 627 89 93 498 622 61 87 
304 99 518 22 37 712 649 23 25 487 668 71 49 587 624 28 20 309 614 104 65 951 617 105 102 753 626 92 94 494 624 60 83 
305 97 517 24 38 711 648 23 25 328 626 97 77 484 663 68 53 589 624 26 19 0 615 55 99 751 627 91 92 940 615 112 109 491 624 61 84 
306 97 517 23 39 711 648 23 24 477 660 74 55 749 628 93 91 938 616 104 105 481 621 62 84 
307 96 515 23 41 711 649 23 23 4 619 60 92 465 663 79 51 534 616 35 22 323 613 113 75 751 624 59 90 746 628 95 89 918 607 111 116 473 622 61 85 
308 442 482 19 37 710 649 24 23 5 618 64 91 463 662 74 50 535 615 31 22 314 609 129 81 744 626 98 91 748 622 60 94 914 610 101 113 470 622 61 85 
309 711 648 24 24 460 659 71 54 2 625 74 84 588 615 29 24 536 615 31 23 319 611 122 76 311 606 54 84 746 622 61 94 902 606 106 118 464 619 65 89 
310 457 659 72 54 298 641 81 59 3 626 75 82 587 614 31 25 536 614 33 25 353 609 94 76 307 607 59 83 744 621 61 95 456 618 63 85 892 609 112 116 
311 451 659 74 52 290 635 83 64 5 630 78 75 587 615 31 23 352 610 98 76 535 614 35 24 304 611 58 76 453 621 63 82 743 619 59 97 890 609 105 116 
312 440 481 18 34 502 478 19 32 95 509 21 36 438 634 75 71 8 637 87 67 588 615 28 22 322 612 123 67 536 613 35 23 739 620 60 94 30 601 57 89 447 623 61 80 877 605 99 117 
313 440 481 17 33 502 478 18 33 95 508 21 37 434 657 72 52 277 640 75 57 11 633 88 71 336 606 122 75 587 615 28 22 536 612 34 23 30 603 61 89 725 624 63 93 441 625 62 77 868 610 102 116 
314 440 480 18 34 94 508 21 37 502 478 18 33 270 640 83 57 15 632 90 71 587 615 29 22 340 605 113 75 537 612 34 23 32 608 58 80 434 623 58 76 862 607 96 117 716 625 80 89 281 606 60 81 
315 440 479 18 34 94 508 21 37 502 477 18 32 424 633 75 68 262 640 89 57 14 630 98 73 326 609 122 70 587 614 30 22 536 612 35 23 277 609 58 76 430 623 60 77 714 626 83 89 852 603 96 121 
316 94 507 20 37 501 475 19 33 415 638 79 64 259 641 83 55 22 630 95 74 327 608 119 70 586 611 31 24 535 610 37 25 426 614 55 74 707 630 86 84 849 602 94 120 275 603 61 83 
317 438 478 19 33 94 505 20 35 500 474 20 32 409 637 73 63 249 638 84 57 32 631 92 72 586 609 30 25 537 609 34 24 349 610 102 63 259 606 59 78 700 629 92 85 831 601 93 118 
318 95 505 18 34 438 476 18 34 500 473 20 32 400 634 79 64 246 639 84 56 35 632 95 71 586 609 30 24 537 609 33 24 336 610 101 64 694 626 80 91 417 613 60 75 257 604 60 83 831 601 90 117 
319 95 505 18 33 439 476 17 34 500 473 20 32 401 634 78 65 38 632 99 71 239 640 86 55 586 609 31 25 537 609 34 24 337 610 97 64 45 606 87 84 693 624 81 94 817 600 96 121 255 601 58 85 
320 545 482 25 22 439 476 16 33 501 473 19 33 395 637 86 62 233 638 84 55 46 631 96 73 586 608 30 25 537 608 33 24 334 609 93 64 688 621 84 94 407 608 52 79 253 599 57 86 
321 545 482 25 23 438 476 16 33 501 473 19 33 388 636 88 62 231 637 84 57 48 631 96 74 538 609 32 23 249 600 59 83 697 615 66 101 398 601 54 90 
322 436 473 17 35 547 480 23 22 77 504 20 38 500 471 19 34 217 640 87 53 59 629 97 76 537 608 34 24 403 613 96 75 883 625 20 42 83 589 59 102 387 603 52 85 674 617 96 102 231 599 57 83 
323 547 480 23 23 79 503 20 38 500 471 20 34 212 641 85 52 61 632 101 74 537 608 33 24 323 604 56 58 373 606 118 83 674 620 93 97 84 592 58 99 379 603 55 86 230 600 55 82 
324 547 480 22 23 79 503 19 38 500 471 20 35 362 637 82 61 210 639 81 54 67 630 100 75 391 606 116 84 664 619 89 99 882 627 21 42 769 600 95 121 378 599 56 92 228 599 57 85 
325 548 479 21 23 80 503 19 38 499 471 19 34 202 638 82 55 70 632 100 72 539 609 31 23 388 604 122 86 881 626 21 43 375 600 56 88 767 597 93 126 210 605 58 75 662 620 86 95 
326 548 479 21 23 80 503 19 37 499 471 20 33 195 636 86 55 77 630 97 77 384 605 131 85 108 600 57 90 880 625 22 43 758 584 94 132 373 600 57 89 207 605 58 75 655 620 92 96 
327 547 477 23 23 497 469 21 33 79 501 19 38 340 636 79 59 189 634 79 55 85 627 103 78 381 605 137 80 880 624 21 42 649 614 94 103 203 596 58 85 752 584 85 132 
328 496 469 23 33 429 471 21 34 545 476 25 23 78 499 19 38 189 632 73 56 337 635 73 60 91 620 103 87 379 606 147 77 646 612 98 105 748 582 85 133 352 603 58 87 
329 428 473 21 32 545 476 25 23 77 498 20 37 93 622 104 86 376 605 155 78 639 615 86 97 
330 496 468 23 34 428 472 20 32 544 476 24 24 77 497 19 37 99 627 105 80 379 608 155 75 730 582 90 135 328 601 59 87 633 615 92 97 
331 494 464 24 31 427 472 20 30 544 476 23 23 75 496 19 37 629 660 94 60 103 629 104 79 376 608 166 74 132 594 55 97 323 596 58 89 629 614 94 101 724 594 87 127 
332 423 470 22 33 544 474 21 24 74 495 19 37 494 462 23 34 305 638 74 55 107 626 109 79 370 600 193 85 23 592 19 48 135 597 54 91 711 579 80 140 311 593 56 88 
333 421 471 23 33 545 474 19 23 73 496 18 36 492 462 22 34 298 641 75 51 107 623 114 86 538 599 35 23 389 607 171 75 136 593 53 97 22 592 19 47 621 607 67 109 706 583 80 134 304 595 59 88 
334 925 563 13 22 72 495 18 37 490 462 23 34 289 642 79 49 108 620 113 90 391 607 172 75 137 588 58 102 701 582 81 136 301 598 56 84 
335 925 564 13 21 71 493 18 39 488 461 23 35 601 655 91 65 283 636 77 55 111 620 111 92 389 608 180 74 136 588 57 102 687 582 90 135 295 599 57 82 
336 487 460 24 35 599 655 95 65 277 641 73 51 113 622 110 89 323 595 75 58 391 607 184 75 685 583 86 135 282 597 61 85 
337 485 461 26 35 54 495 21 42 124 622 102 92 259 639 75 54 317 596 79 61 382 603 209 87 867 618 23 47 5 594 19 48 581 614 95 103 763 615 22 49 673 595 83 128 268 596 64 88 
338 484 461 27 35 413 468 22 34 53 496 20 41 124 621 103 96 253 638 75 56 312 600 76 65 399 606 197 85 868 620 22 49 759 616 24 52 666 599 86 125 575 615 95 103 258 601 59 85 
339 413 468 22 36 53 495 20 40 244 639 77 54 123 624 107 92 310 597 86 61 399 606 201 86 4 595 16 48 573 611 66 105 868 620 21 48 659 598 86 125 756 615 24 53 255 599 59 85 
340 50 493 21 39 412 456 21 47 238 636 75 55 129 628 105 84 307 597 89 56 398 604 202 84 3 592 16 51 555 620 97 94 867 619 22 46 755 613 23 53 654 581 83 137 249 597 62 86 
341 411 456 20 42 476 460 23 34 48 491 21 42 129 626 107 88 302 594 94 60 396 606 179 78 641 601 82 120 2 590 15 49 242 602 64 81 866 619 22 45 551 617 95 98 
342 916 564 13 20 46 491 20 42 474 460 23 33 129 629 112 85 294 591 91 69 405 607 160 81 745 613 24 50 864 621 21 42 535 618 92 96 
343 915 564 13 19 472 459 22 36 526 653 100 65 130 628 114 85 293 591 92 67 411 605 149 82 863 620 21 43 524 614 101 102 744 613 23 50 619 597 88 129 
344 913 564 13 19 399 458 22 40 470 458 21 37 38 614 84 65 132 629 116 86 291 591 94 66 414 605 143 79 616 595 86 131 743 613 23 49 519 613 106 105 
345 912 564 13 19 399 457 21 39 469 456 22 36 34 609 84 67 132 627 116 88 286 591 99 66 418 603 135 79 860 620 23 42 742 613 23 47 508 617 96 98 
346 910 563 13 20 397 457 20 40 465 456 21 37 26 612 81 63 131 623 117 93 282 589 100 69 424 603 122 80 610 578 75 137 741 613 23 47 499 614 101 103 
347 909 562 12 20 395 456 20 41 462 454 23 36 17 615 83 60 131 622 116 97 280 588 101 70 428 603 112 83 34 584 57 77 740 611 23 50 494 612 104 106 
348 906 560 14 23 388 454 20 41 461 454 25 34 6 610 75 66 132 619 117 102 433 597 166 98 275 588 100 70 476 611 101 106 581 581 84 135 
349 459 452 27 33 387 451 21 41 1 608 75 67 131 619 119 101 274 586 97 69 574 582 83 135 
350 385 449 21 38 452 449 21 35 2 605 59 69 457 653 92 65 132 619 119 99 276 587 92 67 811 597 20 55 463 590 92 122 570 579 75 139 
351 900 554 15 22 451 448 21 37 446 616 104 105 130 618 120 99 276 586 90 67 811 594 20 60 568 577 72 142 455 601 94 115 
352 5 476 17 47 898 553 16 21 450 447 22 37 130 619 119 98 262 584 98 69 715 596 23 49 560 573 77 145 439 588 87 123 
353 443 439 26 32 371 444 24 38 1 471 16 50 410 628 98 86 127 620 125 97 503 592 219 95 257 581 102 68 769 595 18 43 792 591 21 53 843 598 20 51 716 591 24 51 530 580 85 137 414 585 91 126 
354 440 438 25 33 368 443 24 38 0 470 13 47 402 620 101 98 129 620 120 95 255 580 102 69 490 590 231 98 715 593 23 46 841 598 20 49 105 577 60 85 529 572 81 147 408 585 89 127 
355 364 441 25 40 437 437 25 35 389 626 100 89 129 618 119 99 251 580 104 69 484 590 246 97 790 590 20 53 839 597 20 49 393 585 91 120 525 572 77 148 
356 363 432 22 46 435 436 27 37 379 623 98 93 129 618 117 100 250 579 103 70 489 590 254 103 836 598 21 45 386 584 88 122 514 576 77 140 
357 433 434 30 39 362 432 22 47 63 607 81 63 364 626 100 86 132 617 113 102 247 577 105 73 485 591 269 105 140 589 97 106 835 599 21 45 74 575 57 86 371 584 92 123 510 580 79 137 
358 425 433 25 37 43 611 83 55 347 617 105 97 127 618 117 99 248 572 98 72 474 590 295 104 54 573 61 87 353 579 96 125 485 577 84 137 
359 423 430 24 36 34 609 83 58 332 622 108 84 128 618 115 96 238 568 103 71 536 585 244 109 46 571 66 87 336 585 99 112 480 577 86 135 
360 348 430 21 41 421 430 25 36 24 612 87 51 322 619 103 87 127 614 118 100 233 568 109 69 536 584 254 112 328 576 92 113 33 569 64 88 470 566 92 152 
361 346 427 20 43 418 427 26 35 15 610 83 52 307 622 105 80 124 614 120 103 232 566 102 71 526 583 271 110 818 591 22 48 317 573 91 117 28 569 63 88 464 571 82 146 
362 341 426 22 41 416 424 26 36 9 578 75 77 298 619 105 83 123 614 121 104 232 567 100 67 532 582 271 109 817 593 21 45 308 573 90 120 461 571 74 148 
363 411 422 30 35 336 422 23 39 868 531 16 23 2 573 62 82 277 619 105 82 121 613 122 107 520 584 325 107 815 587 20 48 4 555 58 88 283 578 98 112 438 557 81 157 
364 867 530 15 21 0 571 56 85 272 596 105 100 119 613 125 106 533 580 321 115 274 571 91 117 0 553 55 92 428 557 81 158 
365 329 420 22 43 401 421 23 35 865 529 15 23 0 576 45 78 254 594 105 102 121 606 127 110 546 578 308 115 419 650 79 70 417 555 86 158 
366 399 421 23 34 862 528 13 20 325 422 23 40 248 593 105 102 118 604 128 113 542 582 338 110 411 652 79 67 237 569 94 121 411 558 81 152 
367 395 419 26 37 320 422 24 37 119 601 130 118 552 583 347 109 400 651 80 68 406 562 81 148 
368 389 413 24 34 314 418 23 36 115 605 147 113 218 551 115 93 581 577 334 120 383 650 80 68 134 564 99 127 382 561 82 152 
369 310 416 25 39 386 413 25 35 116 604 144 114 222 553 110 90 575 577 360 119 371 648 83 70 134 564 101 129 370 556 83 157 
370 312 408 20 44 384 412 26 37 116 604 143 114 222 553 108 87 582 580 372 116 362 649 84 70 133 562 102 132 361 555 87 159 
371 114 605 144 112 221 552 112 87 585 580 384 115 345 626 88 95 134 565 102 131 354 552 85 159 
372 376 411 24 36 559 595 36 29 113 605 138 113 198 556 126 79 596 580 373 117 340 647 86 72 134 563 102 134 341 551 84 165 
373 299 407 19 44 371 410 23 36 106 607 146 112 441 560 31 22 197 558 126 74 629 583 369 117 321 646 84 73 131 560 96 129 320 550 87 153 
374 296 406 20 45 367 409 24 37 103 607 151 115 436 558 37 23 196 558 122 75 630 586 389 116 312 648 85 69 313 551 85 163 
375 290 406 21 47 363 409 24 38 120 615 129 109 202 558 113 73 645 583 400 120 298 623 83 98 137 569 98 124 309 549 79 166 
376 288 406 21 45 360 408 25 39 67 600 83 81 119 618 130 106 207 559 104 69 648 584 412 120 289 626 87 96 67 567 91 101 645 569 19 44 137 570 102 133 293 553 82 157 
377 358 407 27 38 117 609 139 111 175 556 122 77 659 586 416 117 282 625 82 97 644 568 21 44 132 573 110 135 280 551 86 155 
378 276 405 22 45 352 406 23 39 527 576 43 40 116 605 142 118 30 599 104 80 693 586 408 121 255 626 91 97 640 569 22 42 133 568 108 138 27 536 99 130 266 545 83 155 
379 346 403 24 40 271 403 19 46 119 605 203 116 4 595 105 83 719 585 409 124 10 534 95 131 633 566 25 46 
380 266 403 18 45 341 402 23 40 2 599 84 78 116 609 193 111 719 588 458 120 711 566 23 49 
381 262 404 20 43 337 404 26 39 0 571 88 94 0 601 80 74 121 609 180 111 744 586 440 126 0 558 67 112 620 568 23 41 711 566 22 51 
382 258 405 21 41 333 405 28 36 0 602 60 78 126 618 167 101 764 584 420 127 743 570 20 50 162 561 104 145 619 567 24 45 
383 329 403 23 39 253 403 22 42 500 576 46 41 127 612 155 105 759 573 469 138 671 563 21 47 619 568 21 41 742 570 22 50 161 564 99 143 
384 323 403 22 40 248 402 19 44 131 615 158 100 806 578 464 136 165 557 104 151 741 571 22 48 
385 241 401 20 46 320 402 23 39 821 580 455 136 609 567 24 43 691 564 21 54 738 574 21 44 164 551 107 158 
386 237 403 21 46 314 404 23 40 836 581 442 137 688 565 22 53 
387 232 405 22 44 308 406 28 38 127 619 174 99 100 555 78 61 848 580 437 139 164 552 106 160 687 565 21 56 597 569 22 42 
388 232 406 22 44 308 406 28 38 127 618 174 100 100 555 78 61 849 580 435 139 164 551 107 161 687 565 20 56 597 569 22 42 
389 302 406 23 40 226 403 19 48 873 600 439 116 647 569 20 43 594 570 20 43 
390 299 405 23 39 222 402 19 46 459 593 48 34 882 601 424 114 77 616 116 106 719 573 21 51 645 571 20 42 204 560 111 153 189 564 90 147 591 571 20 43 85 551 100 134 
391 295 405 25 39 215 404 22 46 456 595 45 33 911 599 384 117 59 621 137 102 188 567 89 137 565 573 15 35 645 573 19 40 718 576 21 47 206 566 109 150 588 570 20 46 78 545 101 146 
392 211 405 25 45 288 407 26 41 936 598 354 120 50 622 124 99 666 569 21 51 586 571 21 46 66 543 102 152 
393 283 407 31 41 206 404 22 46 965 592 313 132 34 625 109 95 638 573 20 43 49 552 86 140 
394 276 408 25 40 198 404 21 48 433 594 47 37 996 596 283 127 10 625 102 97 23 556 91 143 570 574 20 43 
395 189 407 23 46 268 410 26 39 423 594 50 39 39 564 96 60 1027 590 244 139 225 569 95 142 564 576 19 42 
396 750 527 15 22 263 410 27 38 180 662 74 61 413 595 48 38 53 560 81 69 1048 588 225 140 250 578 110 140 
397 747 528 13 22 258 409 31 42 179 402 24 53 410 595 49 39 51 562 79 65 1066 589 213 136 
398 253 408 26 40 175 401 22 54 406 596 46 37 35 564 90 63 1079 586 197 143 549 575 20 39 230 567 90 135 
399 163 406 25 49 245 410 27 40 117 572 187 100 26 564 87 67 1120 589 159 142 517 579 16 33 544 574 19 43 
400 240 412 28 37 121 573 183 102 1140 593 138 132 22 567 86 68 542 577 17 40 265 571 95 141 
401 235 411 28 38 122 577 179 98 1160 596 120 129 18 568 85 68 667 592 23 46 502 582 15 31 273 567 93 144 
402 235 411 28 38 122 577 179 98 1160 596 120 129 18 568 85 68 667 592 23 46 502 582 15 31 273 568 93 144 
403 226 412 26 37 722 529 16 21 143 414 26 44 1068 613 83 53 1198 627 83 94 118 580 200 102 4 573 95 69 525 580 17 41 286 569 93 142 496 582 17 34 
404 715 527 16 22 216 411 26 38 1056 612 90 54 1244 623 34 96 4 568 83 66 117 579 218 102 520 578 19 45 312 562 103 148 
405 212 411 27 39 709 527 17 22 1055 615 89 53 0 569 81 65 117 580 230 105 323 570 102 144 
406 212 411 27 39 709 527 17 22 1055 615 89 53 0 569 81 65 117 580 230 105 323 570 102 144 
407 121 414 27 47 1050 615 91 53 0 573 79 73 117 582 235 107 643 591 23 51 331 571 91 146 
408 201 412 25 37 703 529 15 22 117 413 26 46 1049 618 87 50 1 570 72 78 119 581 235 112 641 592 21 48 1065 575 54 82 351 568 76 148 
409 106 415 25 42 192 412 26 38 124 586 259 114 0 570 64 82 378 571 82 142 
410 693 532 15 23 187 411 29 50 99 416 27 45 0 570 62 84 124 586 264 115 
411 180 410 25 40 95 415 26 43 1034 611 85 56 0 568 57 88 125 584 273 118 619 593 22 51 
412 175 410 25 40 87 412 28 48 1030 614 85 55 0 567 53 93 127 585 276 119 443 649 124 71 618 593 21 51 416 575 82 145 
413 167 410 29 50 1026 617 85 53 0 575 45 81 129 586 278 119 615 596 21 45 1041 576 51 83 427 570 84 149 
414 71 417 25 41 0 576 33 80 128 589 298 116 1038 569 51 93 464 574 79 143 
415 665 535 14 22 151 412 26 49 67 414 24 46 1009 611 90 58 0 576 29 82 118 591 333 114 468 570 89 147 
416 145 411 29 51 1008 613 85 57 0 578 26 80 117 590 337 115 488 573 84 144 
417 49 418 26 40 139 409 30 54 1005 615 86 56 115 590 347 116 450 591 21 42 507 573 89 148 
418 45 415 27 44 1002 617 84 54 0 585 12 74 140 597 333 122 526 572 91 150 445 591 20 41 
419 123 410 26 41 995 612 82 60 141 598 347 120 1168 588 58 72 558 578 94 143 
420 117 409 28 42 986 612 84 57 145 597 343 121 1165 583 55 79 581 574 92 144 
421 21 405 28 50 150 598 335 118 426 592 18 41 607 577 90 138 
422 15 406 28 49 106 410 25 41 978 617 85 56 157 596 344 121 626 575 94 139 
423 96 409 29 54 167 596 338 123 645 574 106 148 
424 4 396 23 63 90 407 31 57 181 597 346 122 667 581 99 135 
425 81 409 27 42 960 615 86 55 171 603 380 111 543 596 22 51 672 582 205 126 
426 75 408 26 43 956 617 87 55 171 604 400 112 738 596 156 125 
427 67 408 27 43 954 619 82 54 185 602 384 113 
428 61 408 31 44 106 611 90 50 185 599 399 119 520 600 21 47 787 601 145 119 
429 55 407 25 45 100 614 85 47 180 601 415 117 519 600 21 43 823 599 102 125 
430 41 407 27 46 76 612 85 51 160 583 48 21 203 602 418 118 878 601 91 127 
431 62 611 88 52 157 585 48 20 208 603 420 118 912 596 97 130 
432 573 537 14 25 28 406 25 45 217 592 445 138 942 599 97 125 
433 23 406 27 46 569 537 15 26 143 586 39 20 215 582 35 23 249 605 408 116 
434 562 536 15 28 14 406 28 46 31 609 89 55 137 586 44 19 254 603 411 120 1007 601 97 124 
435 554 536 15 27 5 402 21 49 905 618 89 57 130 586 52 20 265 603 437 118 1077 610 71 107 298 593 19 40 
436 549 536 15 28 904 617 83 58 287 606 428 116 321 596 16 37 1111 613 69 104 293 592 19 44 
437 901 616 82 58 111 588 46 20 301 606 420 116 1140 604 75 117 
438 536 536 18 31 107 587 52 20 295 594 478 135 278 594 18 39 1172 611 88 109 
439 888 613 83 62 317 607 469 115 1211 617 70 104 302 596 19 43 275 596 17 35 
440 876 613 85 64 0 606 20 58 318 608 526 112 291 595 21 43 
441 872 611 85 64 344 609 509 112 280 600 20 37 392 591 22 47 253 598 16 33 
442 863 613 88 60 345 613 533 109 277 597 20 40 249 597 17 34 
443 860 618 88 56 350 612 558 109 243 596 19 38 270 597 21 40 
444 500 536 17 30 378 613 549 107 231 597 18 36 1011 271 166 198 266 597 20 41 
445 487 537 17 30 381 613 596 107 419 587 557 121 221 598 19 35 250 597 20 43 
446 400 615 618 104 217 595 20 40 391 613 32 52 244 597 22 42 
447 478 536 17 29 478 588 500 137 387 612 30 52 229 599 20 39 204 597 20 38 
448 470 536 18 31 437 618 643 100 201 598 20 36 227 598 22 41 
449 465 538 17 28 1252 629 26 59 502 589 529 133 428 618 694 97 194 596 19 38 222 598 20 42 
450 455 537 15 28 1239 616 40 68 538 598 537 123 322 593 24 56 365 610 27 55 299 597 20 46 179 597 19 38 203 599 20 41 
451 448 536 18 32 1234 617 45 67 569 603 521 125 293 598 20 45 175 597 20 39 916 584 48 78 200 596 21 45 
452 440 535 20 35 1227 624 51 68 505 619 722 93 589 602 525 124 169 593 19 43 195 596 20 43 
453 1224 626 53 64 608 602 528 122 279 599 19 44 194 598 20 41 344 612 28 54 176 598 20 39 
454 431 537 17 29 1219 623 58 69 629 601 546 124 153 598 19 38 272 595 21 51 339 610 27 56 177 599 20 40 
455 417 536 18 32 1205 612 73 72 667 603 554 120 322 612 28 56 152 600 19 37 169 599 20 41 
456 1198 626 81 63 681 605 567 116 276 592 23 59 318 610 26 58 936 273 159 196 153 599 19 39 
457 1195 612 86 73 709 612 568 113 270 592 24 57 313 611 25 58 126 599 18 39 928 275 159 194 149 600 19 42 
458 398 537 17 30 1191 607 89 75 727 611 562 114 920 276 161 191 125 599 19 40 146 599 20 42 
459 391 536 18 32 735 609 565 117 294 613 29 56 126 600 20 40 
460 805 600 391 94 761 603 519 120 124 599 19 41 
461 363 536 17 27 734 612 88 67 853 607 420 104 97 599 24 40 
462 356 536 17 26 729 615 89 65 848 604 446 109 76 601 21 37 
463 348 535 17 27 1218 595 64 91 858 604 434 109 73 601 26 39 
464 341 534 18 31 899 604 386 109 69 602 26 40 
465 710 632 86 53 925 604 346 112 
466 320 534 18 29 701 611 85 67 700 635 85 49 963 602 315 116 45 604 24 37 
467 312 535 19 28 966 601 322 118 550 596 48 77 
468 303 535 18 28 688 631 84 54 999 599 277 123 
469 297 535 18 30 680 632 87 53 1017 593 258 132 
470 290 534 19 31 677 610 84 70 1037 594 240 132 773 584 53 82 692 599 59 79 
471 273 534 19 27 660 611 88 68 1072 596 205 127 675 600 61 78 512 598 47 75 
472 266 534 21 32 656 614 88 66 1087 590 197 114 
473 651 612 86 69 1067 591 201 106 1101 597 183 127 
474 249 534 19 26 640 612 88 66 1066 596 196 94 1129 607 160 116 
475 242 534 21 27 634 630 89 56 1064 593 191 99 1147 603 138 120 
476 225 534 21 29 626 611 86 69 1048 593 206 100 
477 218 533 21 26 614 612 89 67 1193 600 90 130 1045 591 208 101 
478 609 631 90 54 1198 576 84 138 1038 593 216 98 
479 201 532 23 29 604 615 91 65 1189 599 91 123 1031 591 223 102 
480 192 531 24 27 597 633 92 51 1185 573 96 139 1020 593 212 99 
481 175 532 24 30 582 632 93 54 1161 590 118 138 1017 592 206 98 
482 167 531 26 26 574 635 95 50 1157 567 129 155 1005 592 215 97 
483 1154 566 132 157 1000 593 211 96 
484 150 532 26 31 562 632 91 54 1148 572 137 146 996 592 210 97 
485 141 531 27 31 555 633 93 52 1144 573 142 144 990 592 213 95 
486 126 531 25 31 539 632 95 53 1124 572 159 146 972 591 210 99 
487 117 530 28 32 536 630 91 55 1118 568 165 152 970 591 209 99 
488 106 531 27 29 528 632 92 53 1108 567 173 153 965 591 210 97 
489 99 531 26 32 520 632 97 54 1100 582 183 149 954 590 215 96 
490 89 529 30 32 513 631 94 56 1096 569 166 148 950 589 214 96 
491 71 527 27 35 498 632 98 52 1087 563 183 157 938 589 216 98 
492 581 610 79 55 488 615 97 63 1084 585 205 144 930 589 221 98 351 584 42 85 
493 51 526 26 34 485 631 94 55 1074 563 206 161 923 589 205 100 
494 40 523 28 37 562 613 81 51 476 633 97 52 1068 561 214 164 919 588 205 99 
495 32 523 26 35 559 614 77 51 475 618 90 61 907 588 212 93 
496 454 618 94 60 1044 560 241 161 894 588 209 93 
497 448 615 98 62 1039 559 243 161 889 588 213 93 
498 438 615 96 62 1035 558 245 161 883 587 216 94 552 583 57 77 
499 430 617 98 61 1027 560 253 161 872 586 207 96 
500 424 617 97 61 1021 561 258 159 867 584 208 95 
501 411 617 97 61 1011 560 267 159 859 584 208 94 529 585 57 73 
502 401 612 100 68 1002 559 279 159 0 629 188 95 851 584 206 97 528 578 45 79 
503 397 616 96 62 998 560 283 157 0 636 207 83 844 585 208 96 617 573 18 31 
504 381 611 102 68 998 557 283 158 1 618 212 104 835 585 214 98 507 578 48 78 
505 373 613 101 67 999 541 290 196 3 612 217 111 824 582 208 101 
506 363 612 98 66 978 560 299 157 7 605 226 120 820 581 209 102 206 581 50 87 
507 346 609 101 70 965 562 284 155 1 599 266 126 802 583 208 98 186 579 50 89 
508 334 611 104 67 1237 588 41 69 956 560 282 154 0 595 278 131 797 584 207 98 180 584 47 83 
509 324 613 101 66 951 558 282 154 1225 585 55 73 0 598 282 128 787 583 212 99 
510 315 611 100 66 933 551 315 180 0 602 325 120 1219 586 59 72 776 580 205 103 163 579 43 84 
511 307 616 101 61 928 554 320 176 1213 585 65 68 1 603 341 119 771 577 208 103 156 581 42 78 
512 919 557 281 154 1190 584 73 67 1243 580 36 86 5 606 361 112 757 578 204 101 
513 1238 581 41 87 905 557 287 153 1 578 414 145 1189 582 75 70 749 579 205 101 409 578 46 76 
514 896 554 290 156 0 583 421 141 1220 577 60 94 1177 579 89 76 739 581 211 99 
515 0 577 442 147 1169 581 90 76 1220 573 61 103 731 578 220 102 
516 896 554 283 159 1161 577 105 78 1163 583 76 64 5 573 448 153 1214 574 67 101 721 576 212 104 
517 871 558 280 155 1145 585 85 65 5 577 496 143 1195 577 86 96 706 579 208 103 
518 861 555 278 157 1139 584 75 64 0 571 527 152 1188 576 92 95 701 578 204 102 
519 856 554 277 155 1130 583 80 62 0 572 539 151 691 576 210 103 1166 571 119 103 
520 834 555 290 159 1113 587 77 60 0 585 565 139 670 576 214 104 1148 579 140 91 
521 833 559 285 159 1107 589 79 58 0 589 575 135 663 578 215 102 1141 579 146 92 
522 810 559 288 155 1091 591 74 58 0 583 631 137 1137 566 141 104 649 578 213 102 
523 1083 588 79 60 1127 568 151 105 0 590 646 131 640 580 217 97 
524 1075 588 82 63 1120 571 160 100 633 581 223 100 0 593 653 126 
525 1065 590 77 61 1110 572 172 96 614 576 222 105 14 588 656 129 
526 780 559 296 161 1061 588 78 60 1104 571 177 98 602 578 227 103 28 590 656 130 
527 1042 588 87 64 1085 574 200 97 597 580 217 100 38 590 680 117 
528 1034 590 81 60 1075 572 197 102 593 581 215 96 68 593 680 119 
529 1026 590 83 65 587 582 221 91 70 594 680 115 1071 572 199 105 
530 726 563 312 152 1016 591 77 60 571 581 215 83 87 593 676 121 1063 576 202 97 
531 736 559 287 156 1013 589 76 64 1241 579 38 76 607 585 178 70 94 590 697 124 1059 577 201 97 
532 1236 578 42 79 724 559 292 158 1003 589 82 69 612 585 163 72 121 589 683 127 1047 579 204 95 
533 624 584 138 67 714 560 285 156 992 592 75 64 1220 580 60 81 142 589 667 125 1037 580 207 98 
534 4 624 124 76 636 586 121 62 712 558 280 153 985 591 79 65 154 589 703 127 1214 581 65 81 1028 578 218 106 
535 0 623 118 72 713 557 274 153 640 586 111 53 1205 582 73 80 977 591 81 68 204 588 648 127 1026 576 193 108 
536 709 555 271 152 967 593 76 63 1199 582 76 76 221 589 646 126 1017 579 196 100 
537 952 591 81 66 246 591 644 123 1179 583 94 80 994 582 205 96 0 583 60 107 
538 1240 83 38 144 943 593 76 63 250 588 655 124 1170 584 109 79 986 584 204 99 
539 1237 83 42 144 694 557 256 151 282 590 659 118 934 592 79 66 1162 586 114 76 980 580 191 106 
540 1225 81 54 152 927 593 82 66 298 588 641 117 1151 584 117 81 975 579 192 106 642 563 28 25 
541 1219 82 59 151 700 560 240 129 919 596 74 60 338 583 619 126 1143 585 115 83 962 581 197 102 
542 1208 79 68 151 704 562 232 103 910 593 79 66 339 588 634 124 1136 587 117 78 949 583 201 99 
543 1184 88 82 157 360 585 618 124 938 584 201 102 1117 588 118 79 606 564 29 26 
544 1180 91 84 152 879 597 88 58 1256 586 23 61 376 587 602 123 1107 590 123 75 924 580 192 108 
545 1172 90 83 156 1179 591 78 62 1250 589 30 57 422 586 574 124 1098 588 110 80 909 583 203 103 
546 1163 84 83 147 1246 592 31 53 421 584 578 127 1092 589 113 77 896 588 210 99 
547 1153 87 83 142 1224 589 51 59 433 585 570 128 375 593 208 107 1079 590 121 75 893 586 202 105 
548 1137 94 78 144 461 582 551 134 875 591 202 104 1063 592 113 81 365 592 229 113 
549 1131 85 73 146 1139 597 58 59 1251 593 26 48 1182 596 80 56 483 584 521 132 878 590 189 109 353 598 248 118 1050 593 107 85 
550 1125 86 73 145 1183 595 79 54 876 591 181 103 498 588 516 128 350 599 240 115 1043 593 110 82 
551 1118 85 71 149 874 592 175 101 1034 595 110 77 506 587 504 130 334 600 246 113 
552 1111 86 68 147 1156 597 80 54 869 594 170 95 496 583 524 134 1024 591 110 89 329 599 246 116 
553 1099 88 71 160 1225 599 46 42 1087 602 75 63 458 567 316 156 496 583 534 140 1011 601 109 76 302 596 244 123 
554 1083 88 74 142 449 568 329 155 1139 606 59 53 998 599 104 81 508 587 524 141 293 597 243 122 
555 1080 87 73 142 440 567 329 150 989 599 112 78 557 612 502 114 284 599 241 121 
556 1074 81 71 153 430 572 344 141 1253 609 25 55 1198 603 48 38 1060 602 75 64 982 600 112 79 589 609 447 118 257 597 262 123 
557 1065 81 71 152 1116 608 58 51 420 572 322 145 1195 605 44 38 970 601 108 77 596 587 442 139 253 596 259 126 
558 1053 82 67 153 1175 606 44 36 1227 607 52 63 401 576 353 143 1095 609 56 49 960 605 108 75 611 588 428 139 241 596 244 127 
559 1043 84 71 149 1170 607 45 37 409 557 329 171 948 608 105 68 1089 610 60 51 1222 611 57 62 613 605 422 120 232 599 247 123 
560 1037 87 72 142 1084 611 60 48 400 561 336 164 944 608 108 70 1216 612 62 60 621 606 413 118 205 599 264 125 
561 1031 84 74 146 1073 610 55 50 942 610 106 66 1204 612 75 61 664 606 367 123 198 601 263 124 
562 1024 79 74 153 1057 612 75 51 1198 613 80 58 664 606 364 123 191 601 257 124 
563 1013 79 67 156 1180 613 93 57 674 607 356 121 181 605 248 120 
564 1005 81 69 154 339 597 362 119 1042 615 58 53 1175 615 93 56 687 606 340 119 146 606 278 120 
565 994 84 72 149 1030 614 77 53 330 598 362 119 1168 616 95 55 690 606 340 119 141 607 273 120 
566 988 87 72 143 1006 614 82 54 322 597 364 120 1163 615 92 57 135 608 265 119 694 607 332 119 
567 982 82 72 149 1074 614 39 41 1007 614 75 54 323 571 357 152 1156 614 87 57 131 608 260 119 697 607 329 117 
568 971 72 66 162 643 622 75 77 301 597 357 121 1143 615 84 57 690 605 332 120 89 606 289 121 
569 964 75 67 158 634 621 76 77 